X = -10000000000
Cos(X) = 0.872796
Exact cos(X) = 0.872798
