X = 1000000
Cos(X) = 0.936747
Exact cos(X) = 0.936752
