X = 0
Cos(X) = 1.000000
Exact cos(X) = 1.000000
